单位：pixel
4201 896.942591 807.867532
4202 903.373104 995.275117
4203 918.450557 1205.449040
4204 937.004622 1558.091762
4205 957.037515 1921.686102
4206 970.889881 2149.546472
4207 979.044342 2293.180155
4208 989.950247 2458.402278
4209 1001.556951 2623.297945
4210 1015.531760 2818.011311
4211 1034.022298 3081.116175
2201 1358.556790 1067.403447
2202 1375.104882 1293.926738
2203 1396.439124 1648.332673
2206 1454.452586 2491.978284
2207 1467.812313 2685.990888
2209 1493.982413 3014.526135
4301 1590.264225 652.280811
4302 1596.960955 811.397468
4303 1616.971038 1118.985556
4304 1634.973868 1381.232781
4305 1653.916716 1644.370090
4306 1671.085702 1903.021980
4307 1688.644480 2110.863468
4308 1708.852571 2398.496673
4309 1729.178086 2655.911257
4310 1742.979170 2829.001734
4311 1761.124780 3031.407428
3301 1796.696299 839.916267
3302 1814.280398 1094.091579
3303 1832.521219 1343.208092
3304 1849.630496 1559.944139
3305 1867.042316 1806.729598
3306 1886.024320 2065.715136
3307 1894.888727 2175.388345
3308 1906.460333 2325.012540
3309 1920.653098 2516.420368
3310 1930.231411 2634.287692
3311 1939.938333 2774.223889
4801 1962.116475 556.677409
4802 1975.273477 737.393027
4803 1984.824746 891.078532
4804 2007.500000 1207.500000
4805 2028.744252 1486.591297
4806 2050.586856 1775.888489
4807 2066.573681 1995.972871
4808 2084.823959 2227.099832
4809 2105.458485 2477.568991
4810 2120.830558 2667.272205
4811 2137.373670 2872.105425
3801 2161.600351 690.389700
3802 2178.218176 862.144408
3803 2187.524490 1027.146689
3804 2211.996051 1283.201519
3805 2231.634037 1513.524797
3806 2248.149661 1768.454308
3807 2269.991815 2025.567453
3808 2278.509605 2142.037972
3809 2292.350345 2329.026685
3810 2303.386606 2468.334688
3811 2319.674239 2662.791946
3812 2334.870009 2862.914309
2801 2328.360582 804.792066
2802 2339.877847 963.874310
2803 2349.839127 1112.061707
2804 2367.669251 1294.321920
2805 2380.086414 1475.021259
2806 2401.076583 1696.185184
2807 2412.633871 1862.133082
2808 2432.035945 2076.000000
2809 2448.298623 2266.554338
2810 2475.378705 2582.318287
2811 2494.068687 2806.304106
2812 2512.133799 3012.689809
4401 2402.519012 480.958853
4402 2414.438451 660.650172
4403 2445.449356 978.292005
4404 2473.250598 1309.753072
4405 2498.398653 1622.686396
4406 2517.442892 1869.145252
4407 2544.962638 2196.028072
4408 2571.543012 2517.149058
4409 2594.275146 2768.583066
4410 2624.046847 3124.084327
3402 2568.936175 788.626049
3403 2589.694502 1021.228472
3404 2625.595241 1394.736201
3405 2657.233046 1760.506471
3406 2677.725113 2012.248850
3407 2698.348314 2265.013053
3408 2718.190027 2519.011812
3409 2740.558633 2774.291036
2401 2684.885592 804.509238
2402 2714.858344 1115.159094
2403 2737.392154 1358.391164
2404 2766.031008 1674.104175
2405 2789.383339 1934.283582
2406 2806.620464 2137.152055
2407 2827.109813 2368.950611
2408 2845.231343 2603.181199
4501 3305.946020 265.106296
4502 3327.443478 459.950972
4503 3358.378947 741.145568
4504 3392.102972 1056.494052
4505 3429.374546 1408.453470
4506 3457.314869 1692.563753
4507 3487.479367 1963.841893
4508 3521.687034 2336.122613
4509 3552.005675 2694.925986
2501 3452.735802 600.899641
2502 3477.980368 811.999268
2503 3508.534213 1069.980027
2504 3540.659665 1377.576126
2505 3569.619579 1664.785076
2506 3588.363920 1857.639597
2507 3618.481614 2171.418295
2508 3646.632294 2507.411680
2509 3671.821639 2767.685285
2510 3686.298496 2940.579776
4601 4335.122727 117.806265
4602 4354.807456 275.784949
4603 4389.385846 541.919563
4604 4430.044324 860.281178
2601 4304.497379 444.143627
2602 4337.333135 697.621497
2603 4376.294681 1020.780458
2604 4407.921918 1284.557923
2605 4438.693683 1557.021912
2606 4472.282963 1850.346533
2607 4501.436377 2110.422053
2608 4534.379515 2434.873224
2609 4563.477418 2712.449081
