单位：pixel
4201 595.600431 749.976446
4202 601.345790 946.197539
4203 615.818572 1166.042925
4204 633.003988 1535.063094
4205 651.907837 1915.555410
4206 664.958030 2153.857286
4207 672.855606 2304.277261
4208 683.251761 2477.262685
4209 694.717490 2650.138355
4210 708.184825 2853.961045
4211 726.377077 3129.887077
2201 1063.892735 1037.851411
2202 1079.458132 1272.291545
2203 1099.193775 1639.608075
2206 1154.524199 2513.197122
2207 1167.475501 2714.313074
2209 1193.215073 3054.852181
4301 1347.012311 609.880469
4302 1352.950703 773.961847
4303 1371.250810 1091.716992
4304 1388.292805 1362.466583
4305 1406.420682 1634.407185
4306 1422.526595 1901.450274
4307 1439.861891 2116.395976
4308 1459.416251 2413.550889
4309 1479.255183 2679.458282
4310 1493.016447 2858.461637
4311 1511.048009 3067.610223
3301 1546.389334 812.047252
3302 1562.994977 1073.371917
3303 1579.807213 1329.598180
3304 1596.141112 1552.425588
3305 1612.624228 1806.165948
3306 1631.023987 2072.390086
3307 1639.370767 2185.396390
3308 1650.745349 2339.137303
3309 1664.674033 2536.004815
3310 1673.886153 2657.083306
3311 1683.372738 2801.227175
4801 1744.336364 522.609475
4802 1756.695296 708.238235
4803 1765.532040 865.631474
4804 1786.638224 1190.411399
4805 1807.023918 1476.718479
4806 1827.823687 1773.721953
4807 1843.151217 1999.668040
4808 1860.678204 2236.914956
4809 1881.010771 2494.093741
4810 1895.873210 2688.721337
4811 1912.432795 2899.088206
3801 1930.897906 669.358841
3802 1946.630732 844.914349
3803 1954.997979 1013.334162
3804 1978.357001 1274.773415
3805 1997.017297 1510.269204
3806 2012.195683 1770.616994
3807 2033.468372 2033.431150
3808 2041.568263 2152.386008
3809 2054.985311 2343.286073
3810 2065.771603 2485.584922
3811 2081.778955 2684.468739
3812 2096.607067 2889.004461
2801 2087.436941 793.244193
2802 2097.936095 954.952359
2803 2107.089465 1105.775598
2804 2124.042609 1291.367117
2805 2135.635386 1475.248758
2806 2155.593594 1700.434879
2807 2166.446963 1869.401828
2808 2185.173004 2087.146718
2809 2200.926201 2281.217283
2810 2227.203014 2602.608893
2811 2245.393077 2830.711744
2812 2263.395673 3040.612317
4401 2203.032510 460.222533
4402 2213.908847 642.908035
4403 2243.434731 966.396600
4404 2269.595291 1303.985061
4405 2293.802146 1622.226915
4406 2311.908380 1873.475714
4407 2338.450399 2206.217656
4408 2364.501379 2533.148194
4409 2386.840366 2789.160294
4410 2416.184836 3151.427398
3402 2352.436601 780.569537
3403 2372.113732 1016.435552
3404 2405.911297 1395.538645
3405 2435.894673 1766.616998
3406 2455.619512 2022.127800
3407 2475.490228 2278.295669
3408 2494.701573 2536.113628
3409 2516.594599 2795.127609
2401 2455.012244 802.358859
2402 2483.053190 1116.831255
2403 2504.249594 1362.870083
2404 2531.374574 1682.133477
2405 2553.500223 1945.509650
2406 2570.084671 2150.729018
2407 2589.995019 2385.010022
2408 2607.336009 2622.240180
4501 3127.656652 273.963339
4502 3148.208956 469.067856
4503 3177.316745 750.925830
4504 3209.407366 1066.661260
4505 3244.765420 1419.431407
4506 3271.498963 1704.119205
4507 3300.468528 1975.760833
4508 3333.480169 2348.607752
4509 3362.636029 2707.811037
2501 3233.377599 619.759037
2502 3257.229751 830.794252
2503 3285.755675 1088.114546
2504 3316.211747 1395.234985
2505 3343.541160 1682.135401
2506 3361.234339 1874.448708
2507 3389.814357 2187.498338
2508 3416.686288 2522.654394
2509 3440.980650 2782.209670
2510 3454.826190 2954.757591
4601 4145.350762 166.646542
4602 4164.156270 321.990937
4603 4196.499865 583.903853
4604 4234.910814 897.001856
2601 4072.079265 491.585051
2602 4102.795950 740.924111
2603 4138.930756 1058.557511
2604 4168.808440 1318.034610
2605 4197.587432 1585.878994
2606 4228.905503 1874.169089
2607 4256.365938 2129.861175
2608 4287.181616 2448.225598
2609 4314.534971 2720.929320
