单位：pixel
4201 256.413270 727.447421
4202 261.951961 930.801097
4203 276.466935 1158.971702
4204 293.600958 1541.612483
4205 312.963145 1936.052023
4206 325.732487 2183.343021
4207 333.468607 2339.353314
4208 344.188876 2518.701920
4209 355.616317 2698.062174
4210 369.336053 2909.924777
4211 387.390079 3196.619370
2201 657.241823 1047.006284
2202 672.190236 1287.876510
2203 691.268078 1664.393242
2206 745.634195 2560.562057
2207 758.559902 2767.274810
2209 784.242928 3117.164101
4301 1105.312313 640.020758
4302 1111.483438 804.001991
4303 1128.936009 1121.853626
4304 1145.729428 1392.614699
4305 1163.579521 1664.396416
4306 1179.483899 1931.327262
4307 1196.664025 2146.028115
4308 1216.048311 2442.953913
4309 1236.196347 2708.724587
4310 1249.998721 2887.475750
4311 1268.202501 3096.780975
3301 1248.821414 850.037055
3302 1264.968570 1110.653355
3303 1280.622928 1366.450696
3304 1296.502508 1588.576854
3305 1312.593517 1841.563608
3306 1330.393601 2107.306233
3307 1338.952367 2219.681525
3308 1350.291852 2372.986479
3309 1363.898268 2569.365352
3310 1373.313833 2690.094618
3311 1382.470667 2833.880401
4801 1538.488881 583.504344
4802 1550.446028 765.714490
4803 1559.411244 920.143800
4804 1579.704641 1238.634183
4805 1599.542928 1519.558492
4806 1619.606859 1810.536760
4807 1634.744029 2031.899594
4808 1651.996656 2264.234187
4809 1671.977803 2516.280283
4810 1686.746244 2706.856407
4811 1702.678862 2913.055121
3801 1653.955521 733.440901
3802 1669.107912 905.958506
3803 1676.879973 1071.071553
3804 1699.005542 1327.643152
3805 1716.944737 1558.378628
3806 1731.261341 1813.434848
3807 1751.922375 2070.524318
3808 1759.923047 2187.145447
3809 1773.135792 2374.121813
3810 1783.552580 2513.355930
3811 1799.440304 2708.063608
3812 1814.034705 2908.453509
2801 1758.868851 860.336147
2802 1768.220233 1018.957427
2803 1777.015682 1166.528328
2804 1792.941453 1348.635018
2805 1803.669634 1528.629585
2806 1822.687998 1749.175891
2807 1832.982622 1914.474259
2808 1850.907922 2127.426426
2809 1866.433651 2317.085521
2810 1891.636193 2631.526104
2811 1909.574265 2854.852144
2812 1927.454871 3060.114031
4401 2000.850188 555.182495
4402 2011.103502 731.163901
4403 2038.951539 1043.024764
4404 2064.068114 1367.571555
4405 2087.164291 1673.566309
4406 2104.530718 1914.512259
4407 2130.181022 2233.950771
4408 2155.390116 2547.764878
4409 2177.138229 2793.458132
4410 2206.335654 3140.985178
3402 2082.416591 866.909632
3403 2099.791003 1093.831436
3404 2132.227887 1459.595950
3405 2160.344282 1816.530846
3406 2179.054007 2062.034969
3407 2198.437645 2308.487950
3408 2216.948464 2556.213117
3409 2238.596311 2805.180853
2401 2131.262809 890.083572
2402 2156.708174 1193.428372
2403 2176.474934 1431.132517
2404 2201.539527 1738.702361
2405 2222.206904 1992.414618
2406 2238.027600 2189.750124
2407 2257.017021 2415.553159
2408 2273.895748 2643.548552
4501 2895.274757 447.173751
4502 2914.033559 628.201656
4503 2939.784648 889.400392
4504 2968.681016 1181.498128
4505 3000.930145 1507.303801
4506 3025.456838 1769.612275
4507 3052.047669 2019.996464
4508 3082.956564 2362.966761
4509 3110.011811 2693.580501
2501 2883.534345 761.855237
2502 2904.355580 959.336108
2503 2929.996738 1199.787663
2504 2956.918233 1486.456184
2505 2981.886942 1753.757170
2506 2997.793483 1933.056229
2507 3024.115919 2224.401166
2508 3049.132333 2536.265616
2509 3072.034004 2777.816801
2510 3085.022956 2938.539462
4601 3803.659140 423.893200
4602 3820.320750 562.082307
4603 3847.604722 795.204477
4604 3880.502042 1072.764322
2601 3641.978175 694.268332
2602 3667.880535 919.623276
2603 3699.030964 1206.600893
2604 3724.703237 1440.643039
2605 3749.832060 1682.080837
2606 3776.958313 1941.760685
2607 3801.067932 2171.502001
2608 3828.683405 2457.880361
2609 3853.277784 2702.818446
