单位：pixel
4201 369.984802 798.628357
4202 362.109253 997.988892
4203 361.602203 1222.993774
4204 353.866577 1601.593628
4205 347.209076 1994.020142
4206 344.410828 2241.025391
4207 341.923492 2397.412598
4208 340.816772 2577.726318
4209 340.757965 2758.452148
4210 340.504517 2972.512451
4211 339.769592 3263.489746
2201 742.976868 1130.121338
2202 742.964844 1368.228760
2203 738.738953 1742.141357
2206 737.835083 2639.561035
2207 737.791687 2847.853271
2209 741.732971 3202.485840
4301 1210.852905 752.671143
4302 1207.195435 913.845154
4303 1206.238647 1227.230103
4304 1207.095581 1495.647217
4305 1209.322266 1766.058350
4306 1209.641602 2032.377563
4307 1214.499023 2247.483643
4308 1216.711426 2545.554688
4309 1221.158447 2813.527832
4310 1224.805420 2994.408447
4311 1230.881714 3206.737305
3301 1339.426514 964.987183
3302 1340.485840 1222.650391
3303 1341.626709 1476.060669
3304 1344.880737 1696.993652
3305 1346.548828 1949.345459
3306 1349.258423 2215.101318
3307 1351.205200 2327.822510
3308 1353.794922 2481.881104
3309 1356.484619 2679.456055
3310 1358.633057 2801.460205
3311 1359.886475 2946.657471
4801 1641.091187 717.590820
4802 1642.811768 897.042664
4803 1643.365723 1049.220947
4804 1646.014526 1364.584595
4805 1650.634033 1643.610352
4806 1654.719482 1933.824097
4807 1657.644775 2155.083740
4808 1662.200073 2388.234863
4809 1668.459229 2641.964600
4810 1672.911011 2834.234131
4811 1677.471313 3042.919922
3801 1746.217896 869.820435
3802 1751.844727 1040.085815
3803 1750.570313 1203.126343
3804 1758.831299 1457.910400
3805 1764.265137 1687.455933
3806 1764.893311 1941.585205
3807 1771.560547 2199.312012
3808 1773.379395 2316.169189
3809 1776.465088 2504.046387
3810 1779.493164 2644.310303
3811 1784.711304 2840.799561
3812 1788.546997 3043.182617
2801 1842.518066 999.058167
2802 1843.486206 1155.778198
2803 1844.184204 1302.177856
2804 1850.521973 1482.859009
2805 1851.505615 1661.711182
2806 1858.662842 1881.969727
2807 1860.294922 2047.120850
2808 1866.658813 2260.558838
2809 1872.050781 2451.283691
2810 1880.659790 2768.160645
2811 1886.715210 2993.858887
2812 1893.592407 3202.145752
4401 2098.989990 711.499756
4402 2100.229248 884.861023
4403 2111.676758 1193.110107
4404 2120.273438 1515.408325
4405 2127.404297 1820.391968
4406 2132.447266 2061.043213
4407 2141.503174 2381.496826
4408 2150.547363 2697.460693
4409 2159.873291 2945.734131
4410 2170.928467 3298.189453
3402 2162.913574 1021.071777
3403 2168.805664 1244.822754
3404 2182.257813 1609.511597
3405 2192.329590 1965.620728
3406 2198.516602 2211.617920
3407 2205.143555 2459.085205
3408 2211.074707 2708.720703
3409 2220.006592 2960.334961
2401 2209.547607 1045.957153
2402 2219.402344 1346.532959
2403 2227.208984 1582.810303
2404 2236.501221 1889.992065
2405 2244.491211 2143.871826
2406 2250.204590 2342.018799
2407 2257.763916 2568.973145
2408 2263.111328 2799.109863
4501 2988.009766 646.854797
4502 2998.392334 825.474854
4503 3012.334229 1083.831055
4504 3027.970215 1373.602051
4505 3045.314209 1698.166504
4506 3057.675537 1960.579224
4507 3072.971924 2211.631348
4508 3088.302734 2556.710449
4509 3100.590332 2890.251709
2501 2961.087891 954.675659
2502 2972.626465 1150.137573
2503 2987.497985 1389.188516
2504 3001.200928 1674.844116
2505 3013.885010 1942.036499
2506 3021.493896 2121.518799
2507 3034.528320 2414.263672
2508 3045.465332 2728.812988
2509 3057.159180 2972.882813
2510 3063.109131 3135.890869
4601 3887.141846 665.180664
4602 3898.321045 801.411133
4603 3916.496582 1031.993652
4604 3938.434814 1307.655884
2601 3715.501465 922.581116
2602 3732.079102 1146.041992
2603 3751.541992 1431.250610
2604 3767.756348 1664.630737
2605 3783.071533 1906.026978
2606 3799.733154 2166.413574
2607 3814.786377 2397.671387
2608 3830.788818 2686.565186
2609 3845.853516 2934.210938
