单位：pixel
4201 1440.915606 641.164295
4202 1438.956930 852.816836
4203 1442.652879 1093.485334
4204 1444.658900 1499.149801
4205 1447.734839 1921.889069
4206 1451.414939 2188.573496
4207 1452.439300 2357.563797
4208 1455.946730 2552.515533
4209 1460.373846 2747.600461
4210 1465.382938 2978.684482
4211 1471.630859 3292.683218
2201 1471.580147 1022.650990
2202 1474.773614 1275.498508
2203 1476.771744 1672.930114
2206 1490.758677 2631.609069
2207 1494.229187 2854.439600
2209 1503.340377 3233.285172
4301 2359.045510 684.869371
4302 2362.959947 848.053497
4303 2371.404404 1166.773784
4304 2381.105671 1439.759542
4305 2391.365292 1715.576947
4306 2399.334261 1987.422681
4307 2409.502053 2207.179292
4308 2418.446537 2512.000000
4309 2428.781220 2785.918182
4310 2435.756914 2970.746858
4311 2445.674452 3186.972116
3301 2292.394383 907.859992
3302 2302.338732 1169.794463
3303 2308.382779 1427.804517
3304 2317.349915 1653.241585
3305 2324.955476 1910.625358
3306 2333.805895 2182.087474
3307 2338.476758 2297.484145
3308 2344.278579 2454.825980
3309 2350.285728 2656.762884
3310 2354.541686 2781.208871
3311 2357.489116 2929.819969
4801 2816.227197 697.084686
4802 2825.062782 874.234995
4803 2833.101192 1025.110663
4804 2846.013250 1336.981730
4805 2860.161552 1613.288876
4806 2872.588928 1900.730111
4807 2881.225185 2120.130037
4808 2891.065757 2351.326621
4809 2902.546419 2602.827890
4810 2910.388259 2793.496975
4811 2917.612381 3000.169480
3801 2698.575324 850.644620
3802 2709.078384 1020.027404
3803 2713.679197 1181.859440
3804 2727.241896 1435.096288
3805 2738.751015 1663.443915
3806 2744.677293 1916.208425
3807 2757.662099 2172.380702
3808 2762.354698 2288.524925
3809 2769.282855 2475.469487
3810 2774.513410 2615.015515
3811 2782.847875 2810.589327
3812 2789.657986 3012.073375
2801 2631.137302 983.774247
2802 2635.839410 1139.338123
2803 2641.404450 1284.650048
2804 2650.477341 1464.914523
2805 2655.383362 1642.937492
2806 2666.759193 1862.517740
2807 2671.511344 2026.885005
2808 2681.449470 2239.646991
2809 2689.550962 2429.876444
2810 2702.501528 2745.539996
2811 2711.338112 2970.271158
2812 2719.971453 3178.053753
4401 3226.400593 737.726139
4402 3235.553773 904.651648
4403 3256.014633 1202.405123
4404 3274.657020 1512.954440
4405 3290.901807 1806.277994
4406 3302.486711 2038.185165
4407 3318.476201 2346.614109
4408 3333.221117 2650.554082
4409 3345.781682 2889.626130
4410 3361.611968 3229.025072
3402 3104.322100 1036.414804
3403 3118.107112 1256.478834
3404 3137.373514 1606.902962
3405 3154.565301 1952.026306
3406 3166.088702 2190.253335
3407 3178.002833 2429.784842
3408 3187.620079 2671.581395
3409 3200.261911 2915.341788
2401 2989.396828 1060.405967
2402 3005.398354 1353.792994
2403 3017.539076 1583.601536
2404 3032.366951 1882.604142
2405 3043.813861 2129.856168
2406 3052.212165 2322.778663
2407 3062.985116 2543.810660
2408 3071.437098 2767.867091
4501 3998.891100 762.784121
4502 4014.953418 927.310921
4503 4033.237529 1164.480258
4504 4055.078083 1430.264430
4505 4078.769778 1726.705730
4506 4096.094634 1965.987195
4507 4114.787282 2194.520476
4508 4135.673313 2508.617653
4509 4152.219653 2812.488485
2501 3665.100417 1032.570720
2502 3678.803093 1215.721133
2503 3696.525875 1439.473230
2504 3714.206595 1705.781322
2505 3730.564971 1954.580289
2506 3740.595682 2121.839840
2507 3756.388421 2394.039170
2508 3770.273215 2686.587570
2509 3783.968762 2913.877764
2510 3791.297908 3065.568843
4601 4708.509601 855.250127
4602 4721.974862 975.373988
4603 4741.003177 1177.734963
4604 4764.774146 1419.357127
2601 4286.043835 1058.784065
2602 4302.906736 1260.030189
2603 4324.147648 1516.392759
2604 4341.111729 1725.722554
2605 4358.158002 1941.817932
2606 4375.814751 2174.544576
2607 4391.614170 2381.093139
2608 4409.160136 2639.006801
2609 4425.848162 2860.264591
