单位：pixel
4201 1831.605905 574.658110
4202 1833.084164 790.469683
4203 1840.375025 1035.890975
4204 1848.249366 1449.849187
4205 1856.574873 1881.266359
4206 1863.420958 2153.566737
4207 1866.557210 2326.246337
4208 1872.328327 2525.129047
4209 1878.873007 2724.521302
4210 1886.233171 2960.341399
4211 1895.923706 3280.491169
2201 1862.458087 972.480107
2202 1869.423911 1228.841490
2203 1876.911712 1632.128720
2206 1902.197520 2605.473037
2207 1907.652787 2831.399886
2209 1920.511051 3215.493762
4301 2766.987280 593.910425
4302 2773.838843 762.034322
4303 2787.806109 1090.709563
4304 2802.001236 1372.522808
4305 2816.498016 1657.465526
4306 2828.114403 1938.208621
4307 2841.390416 2165.503099
4308 2853.804601 2480.589789
4309 2866.991992 2763.556563
4310 2875.714018 2954.580756
4311 2887.642957 3178.234718
3301 2696.416661 830.936932
3302 2710.663897 1099.957137
3303 2720.856893 1365.403351
3304 2733.260459 1597.165450
3305 2744.633354 1862.042519
3306 2756.965055 2141.326665
3307 2762.878927 2259.983691
3308 2770.500735 2422.015807
3309 2778.690130 2630.010048
3310 2784.114989 2758.126341
3311 2788.643353 2910.966783
4801 3240.794900 593.271258
4802 3253.053787 777.358482
4803 3264.192453 933.627151
4804 3282.368648 1257.362178
4805 3301.314261 1544.480196
4806 3318.078642 1843.105769
4807 3329.648278 2071.210448
4808 3342.613249 2311.621133
4809 3357.163361 2573.136670
4810 3367.070425 2771.519933
4811 3376.353751 2986.599850
3801 3113.389490 762.117427
3802 3127.045340 937.001244
3803 3134.476047 1104.008219
3804 3152.254678 1365.717558
3805 3167.400346 1601.601799
3806 3176.902255 1862.973477
3807 3193.499564 2127.949905
3808 3199.488901 2248.100696
3809 3208.503207 2441.589323
3810 3215.159371 2586.034445
3811 3225.690355 2788.164486
3812 3234.298282 2996.916604
2801 3040.321362 905.336472
2802 3047.633339 1065.571494
2803 3055.503848 1215.304299
2804 3067.485808 1400.766108
2805 3074.983844 1584.356823
2806 3089.858425 1810.202457
2807 3096.619011 1979.845745
2808 3109.087911 2199.100049
2809 3119.628053 2395.067809
2810 3135.896846 2720.545291
2811 3146.775910 2952.298663
2812 3157.164765 3166.342893
4401 3668.726623 625.430371
4402 3681.027835 799.709262
4403 3707.311345 1109.939353
4404 3731.376357 1433.826429
4405 3752.562979 1740.290711
4406 3767.783236 1982.414523
4407 3788.029713 2304.537693
4408 3806.478331 2622.267766
4409 3821.696955 2871.965147
4410 3841.578803 3227.066009
3402 3537.367710 944.883653
3403 3555.010714 1171.131302
3404 3580.355295 1537.352271
3405 3602.925318 1895.725714
3406 3617.752193 2143.445845
3407 3632.799768 2392.529712
3408 3645.089318 2643.881350
3409 3660.564221 2897.240884
2401 3411.766996 976.353890
2402 3432.598178 1279.693871
2403 3448.732015 1517.520041
2404 3467.813742 1827.064280
2405 3482.640370 2082.824000
2406 3493.599435 2282.665499
2407 3506.851054 2511.486534
2408 3517.806315 2743.447251
4501 4486.811931 630.403277
4502 4506.442402 803.685345
4503 4529.385711 1053.720491
4504 4556.442449 1333.850572
4505 4585.608497 1646.257712
4506 4607.403571 1898.867685
4507 4630.044552 2139.872321
4508 4656.003241 2471.569821
4509 4677.108209 2792.779852
2501 4117.842270 932.026909
2502 4134.699111 1123.131833
2503 4156.675299 1356.449020
2504 4178.819383 1634.343648
2505 4199.235911 1894.140820
2506 4211.551199 2068.580655
2507 4231.326468 2353.087356
2508 4248.918990 2658.853998
2509 4265.400853 2896.615350
2510 4274.231661 3055.344353
4601 5258.456872 706.662740
4602 5274.614786 834.892457
4603 5297.547041 1050.580026
4604 5326.578809 1308.325609
2601 4779.017907 944.223052
2602 4799.636355 1156.047725
2603 4825.496989 1425.912744
2604 4846.402189 1646.394121
2605 4867.172837 1873.978783
2606 4888.835327 2119.264434
2607 4908.118930 2336.918291
2608 4929.967447 2609.004962
2609 4950.411023 2842.686729
